 c='model parameter:',
  teff = 15361.553098, r0 = 1.588995d11, v0=00000, logg=4.319897, pout=1d-6,
  n = 10, zscale = -0.0,
  new_giant_mode=f, m_sun=1.0d0, tau_conv_min=5.d-1, aradfac = 1.d0,
  convec_opacity_flag=4,
